0.000000 
0.000000 
0.000000 
0.000000 
0.000000 
0.000000 
0.000000 
0.000000 
0.000000 
0.000000 
0.000000 
0.000000 
0.000000 
0.000000 
0.000000 
0.000000 
0.000000 
0.000000 
0.000000 
0.000000 
0.000000 
0.000000 
0.000000 
0.000000 
0.000000 
0.000000 
0.000000 
0.000000 
0.000000 
0.000000 
0.000000 
0.000000 
0.000000 
0.000000 
0.000000 
0.000000 
0.000000 
0.000000 
0.000000 
0.000000 
0.000000 
0.000000 
0.000000 
0.000000 
0.000000 
0.000000 
0.000000 
0.000000 
0.000000 
0.000000 
0.000000 
0.000000 
0.000000 
0.000000 
0.000000 
0.000000 
0.000000 
0.000000 
0.000000 
0.000000 
0.000000 
0.000000 
0.000000 
0.000000 
0.000000 
1109.000000 
23.000000 
70.000000 
129.000000 
64.000000 
4.000000 
9.000000 
29.000000 
13276.000000 
10.000000 
9.000000 
28.000000 
27.000000 
25.000000 
38.000000 
63.000000 
1.000000 
27.000000 
106.000000 
117.000000 
9.000000 
17.000000 
65.000000 
8.000000 
11.000000 
1.000000 
0.000000 
0.000000 
0.000000 
0.000000 
0.000000 
0.000000 
19959.000000 
22.000000 
23.000000 
1878.000000 
38.000000 
10.000000 
14.000000 
9.000000 
21.000000 
6.000000 
1.000000 
15.000000 
1359.000000 
37.000000 
255.000000 
13.000000 
0.000000 
14.000000 
14137.000000 
7677.000000 
8.000000 
2.000000 
7.000000 
1.000000 
26.000000 
1.000000 
0.000000 
0.000000 
0.000000 
0.000000 
0.000000 
0.000000 
0.000000 
0.000000 
0.000000 
0.000000 
40.000000 
0.000000 
10.000000 
0.000000 
4.000000 
1.000000 
0.000000 
0.000000 
36.000000 
3.000000 
18.000000 
1.000000 
1.000000 
18.000000 
22.000000 
4.000000 
84.000000 
13.000000 
36.000000 
5.000000 
0.000000 
92.000000 
26.000000 
36.000000 
84.000000 
0.000000 
3.000000 
0.000000 
8.000000 
5.000000 
47.000000 
9.000000 
24.000000 
12.000000 
88.000000 
3.000000 
185.000000 
1.000000 
0.000000 
0.000000 
6029.000000 
14.000000 
803.000000 
1.000000 
60.000000 
38.000000 
189.000000 
537.000000 
522.000000 
114.000000 
1386.000000 
14.000000 
3.000000 
2.000000 
103.000000 
1415.000000 
3846.000000 
11.000000 
1294.000000 
1.000000 
104.000000 
660.000000 
152.000000 
6.000000 
39.000000 
311.000000 
4515.000000 
15.000000 
81.000000 
6.000000 
5.000000 
2.000000 
16317.000000 
443.000000 
4506.000000 
4.000000 
23.000000 
2982.000000 
2198.000000 
7110.000000 
29947.000000 
1339.000000 
14565.000000 
1751.000000 
15.000000 
14.000000 
4292.000000 
5833.000000 
20605.000000 
33.000000 
38.000000 
24.000000 
1690.000000 
2545.000000 
26880.000000 
9.000000 
4372.000000 
1710.000000 
37.000000 
1044.000000 
0.000000 
25.000000 
32.000000 
2.000000 
4.000000 
23.000000 
10.000000 
4.000000 
42.000000 
37.000000 
1.000000 
30.000000 
8.000000 
7.000000 
1.000000 
39.000000 
2.000000 
12.000000 
0.000000 
2.000000 
113.000000 
0.000000 
1.000000 
0.000000 
0.000000 
0.000000 
0.000000 
0.000000 
0.000000 
0.000000 
13.000000 
0.000000 
143.000000 
12.000000 
6.000000 
7.000000 
77.000000 
7.000000 
1.000000 
1.000000 
217.000000 
315.000000 
1864.000000 
3.000000 
2.000000 
114.000000 
41.000000 
217.000000 
430.000000 
289.000000 
134.000000 
49.000000 
230.000000 
140.000000 
206.000000 
1562.000000 
4331.000000 
291.000000 
160.000000 
672.000000 
284.000000 
151.000000 
591.000000 
181.000000 
263.000000 
433.000000 
2496.000000 
23.000000 
10185.000000 
1273.000000 
6453.000000 
260.000000 
3163.000000 
3278.000000 
25804.000000 
555.000000 
281.000000 
245.000000 
1321.000000 
2973.000000 
4497.000000 
688.000000 
2584.000000 
2001.000000 
5048.000000 
7775.000000 
7041.000000 
6063.000000 
49788.000000 
3258.000000 
522.000000 
13899.000000 
1224.000000 
940.000000 
5993.000000 
1610.000000 
441.000000 
3486.000000 
21737.000000 
626.000000 
1333.000000 
4471.000000 
688.000000 
1419.000000 
6448.000000 
2296.000000 
454.000000 
3488.000000 
228.000000 
651.000000 
170.000000 
5093.000000 
627.000000 
959.000000 
5.000000 
46.000000 
11804.000000 
1.000000 
307.000000 
6.000000 
11.000000 
4.000000 
4.000000 
3.000000 
33.000000 
3.000000 
0.000000 
2.000000 
1.000000 
2.000000 
12.000000 
6.000000 
8.000000 
17.000000 
8.000000 
13.000000 
62.000000 
125.000000 
11.000000 
11.000000 
1.000000 
42.000000 
27.000000 
242.000000 
23.000000 
55.000000 
174.000000 
199.000000 
83.000000 
91.000000 
226.000000 
98.000000 
1329.000000 
596.000000 
349.000000 
529.000000 
425.000000 
172.000000 
594.000000 
100.000000 
370.000000 
315.000000 
269.000000 
63.000000 
112.000000 
573.000000 
2265.000000 
766.000000 
4983.000000 
1764.000000 
558.000000 
3519.000000 
558.000000 
1312.000000 
1085.000000 
1040.000000 
358.000000 
5667.000000 
2398.000000 
2606.000000 
815.000000 
1756.000000 
3110.000000 
1558.000000 
16711.000000 
1890.000000 
1428.000000 
8271.000000 
5136.000000 
3054.000000 
1432.000000 
1831.000000 
3820.000000 
3349.000000 
5936.000000 
1509.000000 
2349.000000 
6719.000000 
4921.000000 
2516.000000 
12454.000000 
5567.000000 
9074.000000 
12481.000000 
3879.000000 
2377.000000 
1098.000000 
7822.000000 
1186.000000 
10158.000000 
910.000000 
9964.000000 
2501.000000 
1553.000000 
3973.000000 
1209.000000 
539.000000 
2255.000000 
1378.000000 
559.000000 
267.000000 
4790.000000 
137.000000 
313.000000 
988.000000 
19.000000 
58.000000 
24.000000 
20.000000 
1.000000 
1993.000000 
10.000000 
7.000000 
4.000000 
5.000000 
2.000000 
4.000000 
0.000000 
7.000000 
5.000000 
6.000000 
6.000000 
4.000000 
10.000000 
452.000000 
50.000000 
53.000000 
402.000000 
355.000000 
14.000000 
43.000000 
46.000000 
161.000000 
873.000000 
23.000000 
42.000000 
259.000000 
296.000000 
639.000000 
159.000000 
134.000000 
309.000000 
72.000000 
716.000000 
285.000000 
623.000000 
907.000000 
219.000000 
128.000000 
256.000000 
2668.000000 
1488.000000 
244.000000 
270.000000 
438.000000 
307.000000 
1415.000000 
847.000000 
283.000000 
2529.000000 
621.000000 
447.000000 
954.000000 
1610.000000 
2519.000000 
18802.000000 
989.000000 
3716.000000 
566.000000 
538.000000 
1321.000000 
804.000000 
1370.000000 
1133.000000 
1210.000000 
1030.000000 
2561.000000 
2818.000000 
3556.000000 
3146.000000 
695.000000 
2961.000000 
3897.000000 
5790.000000 
4069.000000 
2495.000000 
5067.000000 
4006.000000 
1143.000000 
5449.000000 
2635.000000 
1913.000000 
1601.000000 
3239.000000 
1740.000000 
1884.000000 
473.000000 
694.000000 
712.000000 
4733.000000 
2505.000000 
1268.000000 
3231.000000 
951.000000 
1818.000000 
423.000000 
1462.000000 
987.000000 
473.000000 
423.000000 
222.000000 
530.000000 
159.000000 
134.000000 
248.000000 
70.000000 
260.000000 
90.000000 
62.000000 
65.000000 
41.000000 
12.000000 
600.000000 
76.000000 
207.000000 
163.000000 
194.000000 
8.000000 
120.000000 
240.000000 
23.000000 
42.000000 
52.000000 
352.000000 
4.000000 
123.000000 
13.000000 
39.000000 
2040.000000 
32.000000 
115.000000 
125.000000 
125.000000 
300.000000 
80.000000 
149.000000 
69.000000 
344.000000 
849.000000 
227.000000 
162.000000 
215.000000 
364.000000 
320.000000 
194.000000 
106.000000 
777.000000 
338.000000 
83.000000 
938.000000 
802.000000 
366.000000 
801.000000 
2210.000000 
1156.000000 
1469.000000 
661.000000 
1335.000000 
355.000000 
794.000000 
653.000000 
554.000000 
629.000000 
766.000000 
3484.000000 
622.000000 
962.000000 
1068.000000 
969.000000 
2319.000000 
1203.000000 
1574.000000 
1597.000000 
2766.000000 
1733.000000 
4639.000000 
2299.000000 
1396.000000 
1460.000000 
1612.000000 
1571.000000 
1196.000000 
2149.000000 
2784.000000 
1121.000000 
1605.000000 
5655.000000 
1402.000000 
2266.000000 
1082.000000 
1399.000000 
1512.000000 
3803.000000 
2514.000000 
3178.000000 
1808.000000 
1047.000000 
648.000000 
1074.000000 
571.000000 
734.000000 
916.000000 
1880.000000 
503.000000 
415.000000 
589.000000 
1172.000000 
331.000000 
120.000000 
434.000000 
182.000000 
159.000000 
97.000000 
198.000000 
40.000000 
81.000000 
73.000000 
198.000000 
8.000000 
436.000000 
155.000000 
33.000000 
66.000000 
195.000000 
5.000000 
3.000000 
5.000000 
95.000000 
41.000000 
11.000000 
24.000000 
24.000000 
20.000000 
415.000000 
22.000000 
143.000000 
34.000000 
27.000000 
13.000000 
54.000000 
79.000000 
50.000000 
44.000000 
267.000000 
77.000000 
125.000000 
139.000000 
260.000000 
463.000000 
213.000000 
180.000000 
206.000000 
104.000000 
587.000000 
301.000000 
685.000000 
1090.000000 
394.000000 
187.000000 
289.000000 
637.000000 
505.000000 
403.000000 
679.000000 
730.000000 
1092.000000 
531.000000 
2922.000000 
746.000000 
946.000000 
619.000000 
594.000000 
657.000000 
825.000000 
598.000000 
1270.000000 
870.000000 
618.000000 
1289.000000 
1347.000000 
1436.000000 
2513.000000 
1190.000000 
1789.000000 
1021.000000 
1322.000000 
1450.000000 
1502.000000 
1647.000000 
898.000000 
1685.000000 
2045.000000 
3544.000000 
748.000000 
1402.000000 
1293.000000 
2366.000000 
1107.000000 
641.000000 
1199.000000 
1081.000000 
1037.000000 
1853.000000 
595.000000 
923.000000 
1011.000000 
2438.000000 
1672.000000 
1984.000000 
1146.000000 
618.000000 
145.000000 
746.000000 
116.000000 
290.000000 
352.000000 
411.000000 
138.000000 
661.000000 
271.000000 
370.000000 
122.000000 
72.000000 
216.000000 
51.000000 
619.000000 
123.000000 
55.000000 
38.000000 
124.000000 
115.000000 
8.000000 
11.000000 
11.000000 
73.000000 
5.000000 
124.000000 
27.000000 
15.000000 
1.000000 
27.000000 
11.000000 
461.000000 
21.000000 
34.000000 
133.000000 
107.000000 
73.000000 
53.000000 
19.000000 
26.000000 
96.000000 
760.000000 
70.000000 
219.000000 
150.000000 
38.000000 
100.000000 
152.000000 
254.000000 
5517.000000 
377.000000 
87.000000 
100.000000 
169.000000 
237.000000 
224.000000 
371.000000 
544.000000 
279.000000 
324.000000 
497.000000 
690.000000 
616.000000 
1038.000000 
418.000000 
397.000000 
285.000000 
425.000000 
693.000000 
766.000000 
347.000000 
677.000000 
692.000000 
2123.000000 
1213.000000 
328.000000 
1212.000000 
472.000000 
640.000000 
1041.000000 
443.000000 
841.000000 
1125.000000 
546.000000 
459.000000 
1022.000000 
1710.000000 
571.000000 
514.000000 
1246.000000 
491.000000 
593.000000 
1614.000000 
699.000000 
900.000000 
628.000000 
1174.000000 
399.000000 
1224.000000 
704.000000 
729.000000 
514.000000 
613.000000 
621.000000 
414.000000 
394.000000 
657.000000 
298.000000 
328.000000 
672.000000 
390.000000 
401.000000 
272.000000 
187.000000 
662.000000 
291.000000 
453.000000 
172.000000 
90.000000 
324.000000 
144.000000 
77.000000 
25.000000 
44.000000 
36.000000 
33.000000 
21.000000 
31.000000 
6.000000 
68.000000 
6.000000 
103.000000 
22.000000 
18.000000 
11.000000 
210.000000 
37.000000 
4.000000 
25.000000 
9.000000 
54.000000 
21.000000 
20.000000 
32.000000 
63.000000 
180.000000 
18.000000 
51.000000 
59.000000 
38.000000 
69.000000 
131.000000 
66.000000 
544.000000 
55.000000 
113.000000 
121.000000 
182.000000 
179.000000 
131.000000 
47.000000 
391.000000 
44.000000 
106.000000 
237.000000 
324.000000 
35.000000 
170.000000 
518.000000 
302.000000 
156.000000 
309.000000 
204.000000 
344.000000 
512.000000 
201.000000 
239.000000 
351.000000 
188.000000 
392.000000 
542.000000 
654.000000 
1504.000000 
315.000000 
292.000000 
564.000000 
429.000000 
614.000000 
907.000000 
2362.000000 
605.000000 
335.000000 
518.000000 
450.000000 
525.000000 
545.000000 
292.000000 
995.000000 
425.000000 
601.000000 
1592.000000 
444.000000 
161.000000 
560.000000 
291.000000 
326.000000 
222.000000 
941.000000 
467.000000 
265.000000 
430.000000 
374.000000 
243.000000 
103.000000 
200.000000 
140.000000 
336.000000 
311.000000 
139.000000 
216.000000 
77.000000 
36.000000 
43.000000 
125.000000 
165.000000 
170.000000 
160.000000 
184.000000 
35.000000 
146.000000 
216.000000 
32.000000 
24.000000 
179.000000 
19.000000 
23.000000 
150.000000 
7.000000 
15.000000 
5.000000 
6.000000 
118.000000 
19.000000 
0.000000 
46.000000 
5.000000 
35.000000 
5.000000 
61.000000 
4.000000 
7.000000 
10.000000 
5.000000 
3336.000000 
16.000000 
36.000000 
4.000000 
40.000000 
14.000000 
19.000000 
17.000000 
198.000000 
23.000000 
78.000000 
49.000000 
54.000000 
275.000000 
83.000000 
85.000000 
50.000000 
182.000000 
121.000000 
80.000000 
228.000000 
181.000000 
90.000000 
667.000000 
31.000000 
76.000000 
51.000000 
195.000000 
109.000000 
395.000000 
134.000000 
66.000000 
91.000000 
131.000000 
234.000000 
101.000000 
213.000000 
172.000000 
107.000000 
169.000000 
139.000000 
116.000000 
252.000000 
182.000000 
131.000000 
227.000000 
107.000000 
143.000000 
186.000000 
200.000000 
269.000000 
179.000000 
290.000000 
440.000000 
243.000000 
131.000000 
187.000000 
192.000000 
324.000000 
298.000000 
84.000000 
481.000000 
152.000000 
90.000000 
87.000000 
158.000000 
513.000000 
192.000000 
251.000000 
123.000000 
169.000000 
43.000000 
131.000000 
75.000000 
125.000000 
164.000000 
56.000000 
236.000000 
52.000000 
62.000000 
37.000000 
48.000000 
76.000000 
66.000000 
48.000000 
78.000000 
61.000000 
14.000000 
21.000000 
20.000000 
25.000000 
4.000000 
5.000000 
6.000000 
39.000000 
23.000000 
41.000000 
34.000000 
2.000000 
2.000000 
43.000000 
0.000000 
19.000000 
1.000000 
2.000000 
29.000000 
84.000000 
35.000000 
7.000000 
6.000000 
6.000000 
23.000000 
5.000000 
54.000000 
11.000000 
53.000000 
14.000000 
5.000000 
11.000000 
13.000000 
27.000000 
62.000000 
11.000000 
44.000000 
26.000000 
25.000000 
31.000000 
169.000000 
51.000000 
44.000000 
56.000000 
197.000000 
52.000000 
31.000000 
84.000000 
37.000000 
23.000000 
112.000000 
140.000000 
70.000000 
61.000000 
92.000000 
133.000000 
66.000000 
53.000000 
181.000000 
108.000000 
84.000000 
53.000000 
195.000000 
90.000000 
35.000000 
84.000000 
98.000000 
89.000000 
54.000000 
76.000000 
29.000000 
100.000000 
157.000000 
91.000000 
51.000000 
79.000000 
216.000000 
40.000000 
56.000000 
62.000000 
118.000000 
71.000000 
85.000000 
101.000000 
54.000000 
124.000000 
181.000000 
96.000000 
66.000000 
16.000000 
44.000000 
17.000000 
125.000000 
34.000000 
21.000000 
109.000000 
28.000000 
77.000000 
8.000000 
23.000000 
21.000000 
22.000000 
59.000000 
34.000000 
17.000000 
41.000000 
9.000000 
13.000000 
11.000000 
0.000000 
0.000000 
25.000000 
1.000000 
10.000000 
19.000000 
0.000000 
13.000000 
13.000000 
4.000000 
4.000000 
38.000000 
2.000000 
1.000000 
5.000000 
2.000000 
4.000000 
2.000000 
0.000000 
3.000000 
3.000000 
43.000000 
43.000000 
7.000000 
7.000000 
6.000000 
5.000000 
8.000000 
10.000000 
13.000000 
2.000000 
6.000000 
9.000000 
7.000000 
29.000000 
15.000000 
22.000000 
24.000000 
38.000000 
23.000000 
8.000000 
16.000000 
5.000000 
13.000000 
65.000000 
26.000000 
21.000000 
26.000000 
61.000000 
57.000000 
54.000000 
25.000000 
50.000000 
16.000000 
13.000000 
14.000000 
210.000000 
31.000000 
57.000000 
77.000000 
27.000000 
67.000000 
22.000000 
31.000000 
27.000000 
105.000000 
41.000000 
32.000000 
47.000000 
54.000000 
27.000000 
18.000000 
7.000000 
23.000000 
51.000000 
64.000000 
36.000000 
25.000000 
34.000000 
49.000000 
18.000000 
44.000000 
5.000000 
33.000000 
115.000000 
144.000000 
37.000000 
45.000000 
20.000000 
28.000000 
4.000000 
39.000000 
9.000000 
11.000000 
41.000000 
9.000000 
5.000000 
29.000000 
21.000000 
5.000000 
9.000000 
9.000000 
3.000000 
2.000000 
35.000000 
0.000000 
12.000000 
0.000000 
29.000000 
1.000000 
60.000000 
11.000000 
1.000000 
4.000000 
2.000000 
5.000000 
10.000000 
40.000000 
1.000000 
1.000000 
3.000000 
0.000000 
17.000000 
3.000000 
0.000000 
0.000000 
0.000000 
6.000000 
10.000000 
1.000000 
9.000000 
4.000000 
2.000000 
0.000000 
1.000000 
3.000000 
14.000000 
12.000000 
0.000000 
0.000000 
3.000000 
4.000000 
3.000000 
4.000000 
8.000000 
43.000000 
2.000000 
3.000000 
3.000000 
1.000000 
7.000000 
2.000000 
4.000000 
9.000000 
3.000000 
2.000000 
2.000000 
2.000000 
6.000000 
11.000000 
3.000000 
12.000000 
5.000000 
8.000000 
6.000000 
11.000000 
28.000000 
14.000000 
51.000000 
8.000000 
45.000000 
7.000000 
41.000000 
39.000000 
12.000000 
37.000000 
70.000000 
10.000000 
36.000000 
14.000000 
10.000000 
18.000000 
14.000000 
29.000000 
16.000000 
46.000000 
34.000000 
5.000000 
13.000000 
7.000000 
42.000000 
15.000000 
7.000000 
4.000000 
5.000000 
9.000000 
5.000000 
54.000000 
8.000000 
16.000000 
7.000000 
9.000000 
8.000000 
32.000000 
2.000000 
3.000000 
23.000000 
13.000000 
0.000000 
1.000000 
3.000000 
0.000000 
4.000000 
0.000000 
3.000000 
4.000000 
1.000000 
26.000000 
0.000000 
1.000000 
0.000000 
0.000000 
9.000000 
2.000000 
0.000000 
0.000000 
1.000000 
1.000000 
0.000000 
2.000000 
0.000000 
0.000000 
0.000000 
1.000000 
0.000000 
0.000000 
0.000000 
0.000000 
0.000000 
0.000000 
0.000000 
0.000000 
0.000000 
1.000000 
0.000000 
0.000000 
0.000000 
0.000000 
0.000000 
0.000000 
0.000000 
0.000000 
9.000000 
1.000000 
0.000000 
3.000000 
0.000000 
0.000000 
3.000000 
8.000000 
2.000000 
4.000000 
1.000000 
7.000000 
2.000000 
11.000000 
4.000000 
3.000000 
13.000000 
0.000000 
2.000000 
0.000000 
2.000000 
5.000000 
11.000000 
6.000000 
1.000000 
1.000000 
1.000000 
7.000000 
1.000000 
0.000000 
6.000000 
16.000000 
2.000000 
17.000000 
0.000000 
1.000000 
0.000000 
8.000000 
4.000000 
0.000000 
3.000000 
2.000000 
3.000000 
5.000000 
40.000000 
1.000000 
5.000000 
1.000000 
4.000000 
3.000000 
4.000000 
1.000000 
12.000000 
28.000000 
1.000000 
2.000000 
3.000000 
0.000000 
1.000000 
1.000000 
3.000000 
18.000000 
0.000000 
0.000000 
1.000000 
0.000000 
2.000000 
0.000000 
9.000000 
1.000000 
0.000000 
0.000000 
0.000000 
1.000000 
0.000000 
4.000000 
0.000000 
0.000000 
0.000000 
0.000000 
0.000000 
0.000000 
0.000000 
0.000000 
4.000000 
0.000000 
0.000000 
3.000000 
7.000000 
0.000000 
0.000000 
1.000000 
0.000000 
0.000000 
0.000000 
0.000000 
0.000000 
0.000000 
1.000000 
0.000000 
0.000000 
0.000000 
0.000000 
0.000000 
0.000000 
0.000000 
0.000000 
0.000000 
0.000000 
0.000000 
0.000000 
0.000000 
0.000000 
0.000000 
1.000000 
0.000000 
0.000000 
2.000000 
0.000000 
0.000000 
0.000000 
2.000000 
7.000000 
0.000000 
3.000000 
79.000000 
0.000000 
0.000000 
10.000000 
0.000000 
0.000000 
3.000000 
0.000000 
0.000000 
0.000000 
0.000000 
0.000000 
0.000000 
0.000000 
0.000000 
0.000000 
0.000000 
3.000000 
1.000000 
0.000000 
0.000000 
0.000000 
0.000000 
5.000000 
1.000000 
1.000000 
0.000000 
4.000000 
1.000000 
17.000000 
0.000000 
0.000000 
4.000000 
5.000000 
2.000000 
2.000000 
8.000000 
2.000000 
1.000000 
0.000000 
2.000000 
0.000000 
5.000000 
0.000000 
0.000000 
0.000000 
0.000000 
0.000000 
0.000000 
10.000000 
0.000000 
0.000000 
0.000000 
1.000000 
0.000000 
0.000000 
0.000000 
0.000000 
0.000000 
0.000000 
0.000000 
0.000000 
0.000000 
0.000000 
0.000000 
0.000000 
0.000000 
0.000000 
0.000000 
0.000000 
0.000000 
1.000000 
0.000000 
0.000000 
0.000000 
0.000000 
0.000000 
0.000000 
0.000000 
0.000000 
0.000000 
0.000000 
0.000000 
0.000000 
0.000000 
0.000000 
0.000000 
9.000000 
1.000000 
0.000000 
0.000000 
0.000000 
0.000000 
0.000000 
0.000000 
1.000000 
0.000000 
0.000000 
0.000000 
0.000000 
0.000000 
0.000000 
0.000000 
8.000000 
0.000000 
0.000000 
0.000000 
0.000000 
1.000000 
0.000000 
1.000000 
0.000000 
0.000000 
0.000000 
0.000000 
1.000000 
0.000000 
0.000000 
0.000000 
0.000000 
1.000000 
0.000000 
0.000000 
1.000000 
0.000000 
0.000000 
1.000000 
1.000000 
0.000000 
0.000000 
0.000000 
0.000000 
6.000000 
0.000000 
33.000000 
0.000000 
1.000000 
1.000000 
0.000000 
0.000000 
0.000000 
6.000000 
0.000000 
2.000000 
2.000000 
0.000000 
0.000000 
0.000000 
0.000000 
0.000000 
3.000000 
0.000000 
0.000000 
1.000000 
0.000000 
0.000000 
0.000000 
0.000000 
0.000000 
1.000000 
0.000000 
0.000000 
0.000000 
0.000000 
0.000000 
0.000000 
0.000000 
0.000000 
0.000000 
0.000000 
0.000000 
0.000000 
0.000000 
0.000000 
0.000000 
0.000000 
0.000000 
0.000000 
0.000000 
0.000000 
0.000000 
0.000000 
0.000000 
0.000000 
0.000000 
0.000000 
0.000000 
0.000000 
0.000000 
0.000000 
0.000000 
0.000000 
0.000000 
0.000000 
0.000000 
0.000000 
1.000000 
0.000000 
0.000000 
0.000000 
0.000000 
0.000000 
0.000000 
0.000000 
0.000000 
0.000000 
0.000000 
0.000000 
0.000000 
0.000000 
0.000000 
0.000000 
0.000000 
0.000000 
4.000000 
0.000000 
1.000000 
0.000000 
0.000000 
0.000000 
0.000000 
0.000000 
0.000000 
0.000000 
0.000000 
0.000000 
0.000000 
0.000000 
0.000000 
0.000000 
0.000000 
0.000000 
0.000000 
0.000000 
0.000000 
2.000000 
0.000000 
0.000000 
0.000000 
0.000000 
0.000000 
0.000000 
0.000000 
0.000000 
0.000000 
0.000000 
0.000000 
1.000000 
0.000000 
0.000000 
0.000000 
0.000000 
0.000000 
0.000000 
0.000000 
1.000000 
0.000000 
0.000000 
0.000000 
0.000000 
0.000000 
0.000000 
0.000000 
0.000000 
0.000000 
0.000000 
0.000000 
0.000000 
0.000000 
0.000000 
0.000000 
0.000000 
0.000000 
0.000000 
0.000000 
0.000000 
0.000000 
0.000000 
0.000000 
0.000000 
0.000000 
0.000000 
0.000000 
0.000000 
0.000000 
0.000000 
0.000000 
0.000000 
0.000000 
0.000000 
0.000000 
0.000000 
0.000000 
0.000000 
0.000000 
0.000000 
0.000000 
0.000000 
0.000000 
0.000000 
0.000000 
0.000000 
0.000000 
0.000000 
0.000000 
0.000000 
0.000000 
0.000000 
0.000000 
0.000000 
0.000000 
0.000000 
0.000000 
0.000000 
0.000000 
0.000000 
0.000000 
0.000000 
0.000000 
0.000000 
0.000000 
0.000000 
0.000000 
0.000000 
0.000000 
0.000000 
0.000000 
0.000000 
0.000000 
0.000000 
0.000000 
0.000000 
0.000000 
0.000000 
0.000000 
0.000000 
0.000000 
0.000000 
0.000000 
1.000000 
0.000000 
0.000000 
0.000000 
0.000000 
0.000000 
0.000000 
0.000000 
0.000000 
0.000000 
0.000000 
0.000000 
1.000000 
0.000000 
0.000000 
0.000000 
0.000000 
0.000000 
0.000000 
0.000000 
0.000000 
0.000000 
3.000000 
1.000000 
0.000000 
0.000000 
0.000000 
0.000000 
0.000000 
0.000000 
0.000000 
0.000000 
0.000000 
0.000000 
0.000000 
0.000000 
0.000000 
0.000000 
0.000000 
0.000000 
0.000000 
0.000000 
0.000000 
0.000000 
0.000000 
0.000000 
0.000000 
0.000000 
0.000000 
0.000000 
0.000000 
0.000000 
0.000000 
0.000000 
0.000000 
0.000000 
0.000000 
0.000000 
0.000000 
0.000000 
0.000000 
0.000000 
0.000000 
0.000000 
0.000000 
0.000000 
0.000000 
0.000000 
0.000000 
0.000000 
0.000000 
0.000000 
0.000000 
0.000000 
0.000000 
0.000000 
0.000000 
0.000000 
0.000000 
0.000000 
0.000000 
0.000000 
0.000000 
0.000000 
0.000000 
0.000000 
0.000000 
0.000000 
0.000000 
0.000000 
0.000000 
0.000000 
0.000000 
0.000000 
0.000000 
0.000000 
0.000000 
0.000000 
0.000000 
0.000000 
0.000000 
0.000000 
0.000000 
0.000000 
0.000000 
0.000000 
0.000000 
0.000000 
0.000000 
0.000000 
0.000000 
0.000000 
0.000000 
0.000000 
0.000000 
0.000000 
0.000000 
0.000000 
0.000000 
0.000000 
0.000000 
0.000000 
0.000000 
0.000000 
0.000000 
0.000000 
0.000000 
0.000000 
0.000000 
0.000000 
0.000000 
0.000000 
0.000000 
0.000000 
1.000000 
0.000000 
0.000000 
0.000000 
0.000000 
0.000000 
0.000000 
0.000000 
0.000000 
0.000000 
0.000000 
0.000000 
0.000000 
0.000000 
0.000000 
0.000000 
0.000000 
0.000000 
0.000000 
0.000000 
0.000000 
0.000000 
0.000000 
0.000000 
0.000000 
0.000000 
0.000000 
0.000000 
0.000000 
0.000000 
0.000000 
0.000000 
0.000000 
0.000000 
0.000000 
0.000000 
0.000000 
0.000000 
0.000000 
0.000000 
0.000000 
0.000000 
0.000000 
0.000000 
0.000000 
0.000000 
0.000000 
0.000000 
0.000000 
0.000000 
0.000000 
0.000000 
0.000000 
0.000000 
0.000000 
0.000000 
0.000000 
0.000000 
0.000000 
0.000000 
0.000000 
0.000000 
0.000000 
0.000000 
0.000000 
0.000000 
0.000000 
0.000000 
0.000000 
5.000000 
