65.000000 5950.000000 
66.000000 5841.000000 
67.000000 4991.000000 
68.000000 9304.000000 
69.000000 2275.000000 
70.000000 4551.000000 
71.000000 4918.000000 
72.000000 31539.000000 
73.000000 920.000000 
74.000000 768.000000 
75.000000 1688.000000 
76.000000 4172.000000 
77.000000 9148.000000 
78.000000 3120.000000 
79.000000 1706.000000 
80.000000 7329.000000 
81.000000 805.000000 
82.000000 8277.000000 
83.000000 10249.000000 
84.000000 12086.000000 
85.000000 1421.000000 
86.000000 2179.000000 
87.000000 8683.000000 
88.000000 96.000000 
89.000000 4515.000000 
90.000000 109.000000 
97.000000 60880.000000 
98.000000 36840.000000 
99.000000 32112.000000 
100.000000 26247.000000 
101.000000 17084.000000 
102.000000 35900.000000 
103.000000 18841.000000 
104.000000 66468.000000 
105.000000 11638.000000 
106.000000 4023.000000 
107.000000 6972.000000 
108.000000 26733.000000 
109.000000 22796.000000 
110.000000 17309.000000 
111.000000 22853.000000 
112.000000 22013.000000 
113.000000 2344.000000 
114.000000 18457.000000 
115.000000 79909.000000 
116.000000 117055.000000 
117.000000 6138.000000 
118.000000 5494.000000 
119.000000 66602.000000 
121.000000 17403.000000 
122.000000 171.000000 
