0.000000 
0.000000 
0.000000 
0.000000 
0.000000 
0.000000 
0.000000 
0.000000 
0.000000 
0.000000 
0.000000 
0.000000 
0.000000 
0.000000 
0.000000 
0.000000 
0.000000 
0.000000 
0.000000 
0.000000 
0.000000 
0.000000 
0.000000 
0.000000 
0.000000 
0.000000 
0.000000 
0.000000 
0.000000 
0.000000 
0.000000 
0.000000 
0.000000 
0.000000 
0.000000 
0.000000 
0.000000 
0.000000 
0.000000 
0.000000 
0.000000 
0.000000 
0.000000 
0.000000 
0.000000 
0.000000 
0.000000 
0.000000 
0.000000 
0.000000 
0.000000 
0.000000 
0.000000 
0.000000 
0.000000 
0.000000 
0.000000 
0.000000 
0.000000 
0.000000 
0.000000 
0.000000 
0.000000 
0.000000 
0.000000 
8274.000000 
6066.000000 
5063.000000 
9684.000000 
2545.000000 
4556.000000 
5048.000000 
37672.000000 
18142.000000 
779.000000 
1698.000000 
4209.000000 
10838.000000 
4159.000000 
3320.000000 
7392.000000 
806.000000 
8324.000000 
11092.000000 
12408.000000 
1500.000000 
2218.000000 
10014.000000 
104.000000 
4532.000000 
112.000000 
0.000000 
0.000000 
0.000000 
0.000000 
0.000000 
0.000000 
99277.000000 
43446.000000 
32143.000000 
30290.000000 
17518.000000 
35913.000000 
20166.000000 
82740.000000 
40734.000000 
4030.000000 
6973.000000 
28480.000000 
28675.000000 
19126.000000 
53407.000000 
22030.000000 
2344.000000 
20398.000000 
96582.000000 
151605.000000 
11572.000000 
7618.000000 
69542.000000 
1.000000 
17436.000000 
196.000000 
